{
    "samples": [
        {
            "x": 1.0393069982528689,
            "y": 2.390578508377075,
            "heading": 0,
            "angularVelocity": 1.4934386342570638e-18,
            "velocityX": -0.00008741276951243712,
            "velocityY": 3.7623621488027563,
            "timestamp": 0
        },
        {
            "x": 1.039306640625,
            "y": 2.4059712886810303,
            "heading": -2.8460942994196466e-29,
            "angularVelocity": -6.994563469483206e-27,
            "velocityX": -0.00008789067011934162,
            "velocityY": 3.78293162811736,
            "timestamp": 0.00406900832929287
        }
    ]
}